function [pval,critval]=augdfcv(tstat,p,T)
% Dickey-Fuller and Augmented Dickey Fuller critical values
%
% USAGE:
%  [PVAL,CRITVAL] = augdfcv(TSTAT,P,T)
%
% INPUTS:
%  TSTAT     - T-stat from ADF regression
%  P         - Order of the polynomial of include in the ADF regression:
%                0 : No determiniistic terms
%                1 : Constant
%                2 : Time Trend
%                3 : Constant, DGP assumed to have a time trend
%  T         - Length of the adjusted time series
%
% OUTPUTS:
%  PVAL      - Probability the series is a unit root
%  CRITVALS  - A 6 by 1 vector with the [.01 .05 .1 .9 .95 .99] values from
%               the DF distribution
%
% COMMENTS:
%  Simulated from 2,000,000 replications with gaussian errors.
%

% Copyright: Kevin Sheppard
% kevin.sheppard@economics.ox.ac.uk
% Revision: 3.0.1    Date: 1/1/2007




augdf_case1_cv=...
    [-4.52142	-3.69309	-3.49901	-3.38213	-3.33044	-3.28343	-3.29306	-3.28315	-3.29510	-3.29876
    -3.54498	-3.05867	-2.92581	-2.86348	-2.82403	-2.80403	-2.80166	-2.79858	-2.80102	-2.79722
    -3.14328	-2.76860	-2.66924	-2.61596	-2.58442	-2.57383	-2.56818	-2.56557	-2.56386	-2.56356
    -2.73568	-2.46496	-2.39025	-2.35064	-2.32987	-2.32355	-2.31648	-2.31121	-2.31161	-2.31058
    -2.49631	-2.28060	-2.21876	-2.18684	-2.16783	-2.16410	-2.15802	-2.15189	-2.15323	-2.15213
    -2.32866	-2.14256	-2.09373	-2.06320	-2.04729	-2.04421	-2.03982	-2.03485	-2.03540	-2.03353
    -2.19713	-2.03395	-1.99128	-1.96256	-1.94958	-1.94843	-1.94479	-1.93972	-1.94046	-1.93880
    -2.08778	-1.94320	-1.90488	-1.87838	-1.86815	-1.86743	-1.86421	-1.86013	-1.85938	-1.85752
    -1.99313	-1.86501	-1.83010	-1.80656	-1.79572	-1.79555	-1.79312	-1.78747	-1.78818	-1.78765
    -1.91099	-1.79497	-1.76399	-1.74196	-1.73303	-1.73069	-1.72868	-1.72399	-1.72572	-1.72508
    -1.83860	-1.73265	-1.70411	-1.68312	-1.67581	-1.67293	-1.67085	-1.66646	-1.66875	-1.66827
    -1.77261	-1.67441	-1.64778	-1.62919	-1.62332	-1.62025	-1.61801	-1.61381	-1.61679	-1.61628
    -1.71243	-1.62205	-1.59712	-1.57988	-1.57464	-1.57054	-1.56833	-1.56547	-1.56806	-1.56785
    -1.65643	-1.57286	-1.54990	-1.53332	-1.52947	-1.52535	-1.52356	-1.52039	-1.52216	-1.52306
    -1.60419	-1.52729	-1.50523	-1.49080	-1.48689	-1.48314	-1.48025	-1.47759	-1.47952	-1.48047
    -1.55575	-1.48375	-1.46372	-1.44985	-1.44590	-1.44272	-1.43988	-1.43769	-1.43919	-1.44026
    -1.50985	-1.44280	-1.42404	-1.41118	-1.40811	-1.40431	-1.40154	-1.39983	-1.40151	-1.40141
    -1.46742	-1.40302	-1.38597	-1.37369	-1.37160	-1.36785	-1.36538	-1.36369	-1.36509	-1.36513
    -1.42587	-1.36573	-1.35040	-1.33840	-1.33643	-1.33304	-1.33062	-1.32878	-1.33045	-1.33040
    -1.38614	-1.32989	-1.31568	-1.30471	-1.30271	-1.29916	-1.29765	-1.29592	-1.29713	-1.29710
    -1.34842	-1.29528	-1.28230	-1.27282	-1.27104	-1.26763	-1.26538	-1.26365	-1.26463	-1.26483
    -1.31215	-1.26268	-1.24925	-1.24104	-1.23912	-1.23648	-1.23405	-1.23235	-1.23306	-1.23397
    -1.27705	-1.23080	-1.21822	-1.21062	-1.20857	-1.20609	-1.20367	-1.20201	-1.20287	-1.20411
    -1.24334	-1.19999	-1.18798	-1.18094	-1.17864	-1.17661	-1.17456	-1.17307	-1.17300	-1.17482
    -1.21061	-1.16966	-1.15883	-1.15191	-1.15000	-1.14848	-1.14621	-1.14499	-1.14427	-1.14582
    -1.17815	-1.14082	-1.12997	-1.12354	-1.12212	-1.12067	-1.11830	-1.11743	-1.11679	-1.11802
    -1.14802	-1.11234	-1.10250	-1.09633	-1.09493	-1.09323	-1.09122	-1.09032	-1.08938	-1.09093
    -1.11813	-1.08418	-1.07529	-1.06922	-1.06835	-1.06707	-1.06462	-1.06397	-1.06296	-1.06444
    -1.08884	-1.05689	-1.04863	-1.04281	-1.04205	-1.04088	-1.03863	-1.03801	-1.03748	-1.03845
    -1.06019	-1.02998	-1.02278	-1.01738	-1.01617	-1.01573	-1.01273	-1.01301	-1.01195	-1.01257
    -1.03236	-1.00380	-0.99699	-0.99187	-0.99094	-0.99036	-0.98783	-0.98771	-0.98664	-0.98748
    -1.00486	-0.97834	-0.97159	-0.96758	-0.96631	-0.96567	-0.96300	-0.96329	-0.96170	-0.96294
    -0.97786	-0.95279	-0.94660	-0.94326	-0.94192	-0.94149	-0.93861	-0.93920	-0.93713	-0.93861
    -0.95165	-0.92774	-0.92217	-0.91945	-0.91799	-0.91730	-0.91448	-0.91548	-0.91316	-0.91444
    -0.92531	-0.90337	-0.89834	-0.89524	-0.89440	-0.89359	-0.89102	-0.89183	-0.88968	-0.89067
    -0.89981	-0.87913	-0.87409	-0.87181	-0.87038	-0.86999	-0.86758	-0.86839	-0.86658	-0.86724
    -0.87420	-0.85547	-0.85026	-0.84811	-0.84701	-0.84641	-0.84399	-0.84529	-0.84381	-0.84387
    -0.84906	-0.83164	-0.82673	-0.82475	-0.82399	-0.82333	-0.82100	-0.82256	-0.82069	-0.82058
    -0.82389	-0.80775	-0.80356	-0.80156	-0.80085	-0.80020	-0.79826	-0.79977	-0.79789	-0.79741
    -0.79871	-0.78461	-0.78023	-0.77882	-0.77817	-0.77709	-0.77558	-0.77684	-0.77530	-0.77462
    -0.77409	-0.76095	-0.75708	-0.75598	-0.75530	-0.75433	-0.75342	-0.75345	-0.75304	-0.75190
    -0.74915	-0.73741	-0.73451	-0.73324	-0.73200	-0.73156	-0.73075	-0.73063	-0.73054	-0.72929
    -0.72363	-0.71379	-0.71143	-0.71022	-0.70932	-0.70909	-0.70842	-0.70785	-0.70820	-0.70647
    -0.69851	-0.69044	-0.68836	-0.68759	-0.68649	-0.68678	-0.68562	-0.68533	-0.68547	-0.68382
    -0.67233	-0.66677	-0.66523	-0.66460	-0.66404	-0.66342	-0.66297	-0.66240	-0.66258	-0.66169
    -0.64615	-0.64283	-0.64214	-0.64195	-0.64119	-0.64048	-0.64020	-0.63979	-0.64006	-0.63913
    -0.61969	-0.61885	-0.61861	-0.61881	-0.61818	-0.61727	-0.61734	-0.61719	-0.61689	-0.61640
    -0.59371	-0.59476	-0.59516	-0.59528	-0.59542	-0.59395	-0.59427	-0.59361	-0.59362	-0.59308
    -0.56641	-0.57041	-0.57149	-0.57170	-0.57184	-0.57029	-0.57103	-0.57030	-0.57009	-0.56977
    -0.53941	-0.54514	-0.54719	-0.54795	-0.54816	-0.54644	-0.54727	-0.54670	-0.54670	-0.54617
    -0.51125	-0.51940	-0.52266	-0.52340	-0.52448	-0.52223	-0.52346	-0.52287	-0.52278	-0.52222
    -0.48370	-0.49389	-0.49774	-0.49926	-0.50051	-0.49834	-0.49957	-0.49870	-0.49801	-0.49814
    -0.45536	-0.46788	-0.47290	-0.47412	-0.47595	-0.47393	-0.47535	-0.47387	-0.47370	-0.47365
    -0.42711	-0.44111	-0.44747	-0.44898	-0.45119	-0.44894	-0.45057	-0.44926	-0.44880	-0.44936
    -0.39828	-0.41514	-0.42126	-0.42326	-0.42600	-0.42369	-0.42548	-0.42410	-0.42361	-0.42418
    -0.36927	-0.38832	-0.39532	-0.39769	-0.40039	-0.39830	-0.39974	-0.39834	-0.39806	-0.39845
    -0.33984	-0.36076	-0.36896	-0.37139	-0.37436	-0.37211	-0.37397	-0.37262	-0.37218	-0.37268
    -0.31028	-0.33277	-0.34259	-0.34508	-0.34804	-0.34547	-0.34752	-0.34647	-0.34576	-0.34686
    -0.28085	-0.30528	-0.31578	-0.31830	-0.32175	-0.31875	-0.32098	-0.31987	-0.31923	-0.32028
    -0.25098	-0.27717	-0.28832	-0.29115	-0.29453	-0.29186	-0.29392	-0.29323	-0.29232	-0.29295
    -0.22083	-0.24853	-0.26085	-0.26424	-0.26731	-0.26499	-0.26693	-0.26578	-0.26486	-0.26632
    -0.19000	-0.21956	-0.23270	-0.23660	-0.23935	-0.23753	-0.23922	-0.23830	-0.23750	-0.23895
    -0.15926	-0.19041	-0.20450	-0.20812	-0.21134	-0.20976	-0.21150	-0.21080	-0.20944	-0.21133
    -0.12820	-0.16073	-0.17563	-0.17927	-0.18343	-0.18163	-0.18349	-0.18272	-0.18150	-0.18308
    -0.09674	-0.13131	-0.14673	-0.15026	-0.15420	-0.15389	-0.15503	-0.15476	-0.15305	-0.15444
    -0.06440	-0.10175	-0.11715	-0.12090	-0.12509	-0.12495	-0.12559	-0.12630	-0.12460	-0.12579
    -0.03216	-0.07122	-0.08765	-0.09137	-0.09652	-0.09629	-0.09699	-0.09690	-0.09520	-0.09696
    0.00046 	-0.04091	-0.05735	-0.06139	-0.06718	-0.06623	-0.06733	-0.06732	-0.06579	-0.06703
    0.03356 	-0.00949	-0.02646	-0.03120	-0.03739	-0.03621	-0.03674	-0.03772	-0.03559	-0.03742
    0.06752 	0.02220	   	 0.00481	-0.00054	-0.00708	-0.00608	-0.00618	-0.00736	-0.00495	-0.00638
    0.10242 	0.05430		 0.03632	0.03076		0.02420		0.02430		0.02520		0.02383		0.02568		0.02414
    0.13716 	0.08719		 0.06866	0.06214		0.05571		0.05541		0.05651		0.05465		0.05712		0.05565
    0.17226 	0.12001		 0.10121	0.09426		0.08725		0.08777		0.08866		0.08697		0.08892		0.08750
    0.20789 	0.15405		 0.13409	0.12686		0.11945		0.12014		0.12100		0.12017		0.12100		0.12006
    0.24432 	0.18799		 0.16817	0.16017		0.15280		0.15314		0.15386		0.15273		0.15407		0.15319
